1      Joseph_Silim        -1.2821850712278584   36.817135703733896      0.2    0.5
2      Nyosh_Gathu         -1.2791364778311187   36.823464072146955      0.3    0.5
3      Joel                -1.279947356815594    36.81506501717152       0.5    0.5
4      Franck_Otoo         -1.2777806718067948   36.81222187581481       0.3    0.5
5      Joel                -1.282371467576227    36.82303654180563       0.8    0.5
6      Mzee_Babu           -1.278638765098337    36.81753264929244       0.9    0.5
7      Nyosh_Karanja       -1.278638765098337    36.81753264929244       0.7    0.5
8      Cedric              -1.2817708031767698   36.814346185205856      0.2    0.5
9      Sheila_Otoo         -1.2773408988837844   36.81671725780901       0.4    0.5
10     Asim_Kinoo          -1.2790034546603792   36.81330548818095       0.5    0.5
11     Allan_Kinoo         -1.2790034546603792   36.81330548818095       0.6    0.5
12     Rick                -1.2790034546603792   36.81330548818095       0.1    0.5